%YAML:1.0


cam0:
  T_cam_imu:
    - [-0.9999244838816636, -0.0020491525998285404, 0.012117240098832829, -0.04731920670987082]
    - [0.0019932539938491917, -0.999987325357394, -0.004623425470654078, 0.0024745350643683947]
    - [0.012126560621468503, -0.0045989235902876855, 0.9999158946778003, 0.0036565746736478217]
    - [0.0, 0.0, 0.0, 1.0]
  cam_overlaps: []
  camera_model: pinhole
  distortion_coeffs: [0.006838977331806387, 0.04411994161557371, -0.04240709819241059, 0.008210234662125362]
  distortion_model: equidistant
  intrinsics: [ 286.31395131598146, 285.9651423229508, 423.87403888477934, 401.82862852539216]
  resolution: [848, 800]
  rostopic: /camera/fisheye2/image_raw
  timeshift_cam_imu: 0.006665115238443565




